SimNr;Rep;Ni;r;K;N_A_fix;N_a_fix;N_B_fix;N_b_fix;s_A;s_B;attempts;h_A;h_B;p_A_i;p_B_i;Prob_A_fix;sd_A_fix;Aver_A_gen;sd_A_gen;Prob_a_fix;sd_a_fix;Aver_a_gen;sd_a_gen;Prob_B_fix;sd_B_fix;Aver_B_gen;sd_B_gen;Prob_b_fix;sd_b_fix;Aver_b_gen;sd_b_gen;Total_Gens
1;1;10;0.06;1000;891.98;639.11;901.04;655.86;0.03;0.02;1000;0.50000000;0.50000000;0.50000000;0.50000000;0.87100000;0.01059995;251.02066590;185.96712062;0.12900000;0.01059995;22.63565891;20.45791217;0.83000000;0.01187855;364.88072289;260.84673336;0.17000000;0.01187855;29.42941176;30.53942996;395.43
1;2;10;0.06;1000;904.66;711.80;919.69;639.38;0.03;0.02;1000;0.50000000;0.50000000;0.50000000;0.50000000;0.87300000;0.01052953;253.61397480;186.86151131;0.12700000;0.01052953;21.22047244;18.92251643;0.85900000;0.01100541;355.94062864;257.95668833;0.14100000;0.01100541;36.84397163;52.32770223;400.84
1;3;10;0.06;1000;914.21;687.21;917.35;695.91;0.03;0.02;1000;0.50000000;0.50000000;0.50000000;0.50000000;0.88800000;0.00997276;264.38738739;188.08238305;0.11200000;0.00997276;30.66964286;38.05902099;0.87100000;0.01059995;345.26865672;257.31011889;0.12900000;0.01059995;38.19379845;79.07263637;404.59
1;4;10;0.06;1000;900.83;732.74;904.68;721.19;0.03;0.02;1000;0.50000000;0.50000000;0.50000000;0.50000000;0.86900000;0.01066954;258.28768700;185.09207760;0.13100000;0.01066954;28.33587786;30.02075890;0.85900000;0.01100541;348.51455180;261.88706381;0.14100000;0.01100541;30.04255319;34.80663350;401.49
1;5;10;0.06;1000;902.67;669.31;918.94;640.77;0.03;0.02;1000;0.50000000;0.50000000;0.50000000;0.50000000;0.87900000;0.01031305;247.15585893;181.74287569;0.12100000;0.01031305;25.94214876;24.97016319;0.84000000;0.01159310;356.54285714;267.48978720;0.16000000;0.01159310;29.02500000;38.16722252;394.65
1;6;10;0.06;1000;913.30;739.13;926.44;688.18;0.03;0.02;1000;0.50000000;0.50000000;0.50000000;0.50000000;0.87300000;0.01052953;251.27262314;174.40146414;0.12700000;0.01052953;23.63779528;20.64345592;0.85200000;0.01122925;365.30164319;259.45926860;0.14800000;0.01122925;31.37162162;37.93331282;402.13
1;7;10;0.06;1000;908.99;726.78;912.40;722.81;0.03;0.02;1000;0.50000000;0.50000000;0.50000000;0.50000000;0.87200000;0.01056485;252.52637615;176.12477135;0.12800000;0.01056485;26.89843750;27.21667683;0.85900000;0.01100541;358.44935972;258.60573717;0.14100000;0.01100541;39.10638298;60.34072312;399.78
1;8;10;0.06;1000;917.96;702.99;923.84;718.51;0.03;0.02;1000;0.50000000;0.50000000;0.50000000;0.50000000;0.88600000;0.01005007;254.69413093;182.19375527;0.11400000;0.01005007;21.50877193;22.37842226;0.85200000;0.01122925;349.05516432;247.39475025;0.14800000;0.01122925;28.27702703;33.11911772;394.29
1;9;10;0.06;1000;910.10;648.44;911.77;656.88;0.03;0.02;1000;0.50000000;0.50000000;0.50000000;0.50000000;0.87100000;0.01059995;252.32835821;186.83181927;0.12900000;0.01059995;23.65891473;17.64837262;0.86100000;0.01093979;350.61324042;258.67413706;0.13900000;0.01093979;32.10071942;43.36631570;398.40
1;10;10;0.06;1000;902.63;672.83;897.74;727.12;0.03;0.02;1000;0.50000000;0.50000000;0.50000000;0.50000000;0.87700000;0.01038610;259.38312429;182.64973324;0.12300000;0.01038610;24.77235772;19.91315005;0.86300000;0.01087341;337.85747393;257.30981787;0.13700000;0.01087341;31.40145985;46.75662408;393.96
1;11;10;0.06;1000;898.11;699.65;911.88;665.62;0.03;0.02;1000;0.50000000;0.50000000;0.50000000;0.50000000;0.88200000;0.01020176;248.72222222;181.50314973;0.11800000;0.01020176;27.05084746;28.53984650;0.84900000;0.01132250;360.69729093;259.29635964;0.15100000;0.01132250;27.64900662;35.72507211;398.55
1;12;10;0.06;1000;912.91;612.63;903.98;733.82;0.03;0.02;1000;0.50000000;0.50000000;0.50000000;0.50000000;0.88300000;0.01016420;256.84597961;179.15253203;0.11700000;0.01016420;26.12820513;27.49935150;0.84600000;0.01141420;352.51300236;262.22580041;0.15400000;0.01141420;28.09090909;40.84169051;397.86
1;13;10;0.06;1000;910.72;731.94;925.14;638.54;0.03;0.02;1000;0.50000000;0.50000000;0.50000000;0.50000000;0.84500000;0.01144443;260.15621302;182.90200234;0.15500000;0.01144443;21.40645161;14.83704900;0.85300000;0.01119781;367.76670574;267.75317713;0.14700000;0.01119781;30.40136054;39.44852150;411.84
1;14;10;0.06;1000;909.59;712.51;909.15;757.95;0.03;0.02;1000;0.50000000;0.50000000;0.50000000;0.50000000;0.88500000;0.01008836;252.79774011;181.70472352;0.11500000;0.01008836;28.93043478;36.72073736;0.85300000;0.01119781;360.97069168;252.59971222;0.14700000;0.01119781;32.29251701;41.39723131;402.76
1;15;10;0.06;1000;904.68;689.08;913.30;689.33;0.03;0.02;1000;0.50000000;0.50000000;0.50000000;0.50000000;0.88000000;0.01027619;260.78295455;186.30891852;0.12000000;0.01027619;29.11666667;36.00930050;0.84600000;0.01141420;343.65366430;264.52293363;0.15400000;0.01141420;31.85714286;32.69286998;396.77
1;16;10;0.06;1000;914.44;611.18;909.47;691.94;0.03;0.02;1000;0.50000000;0.50000000;0.50000000;0.50000000;0.87100000;0.01059995;254.59931114;189.83529377;0.12900000;0.01059995;24.24031008;17.76320349;0.84300000;0.01150439;364.07117438;264.68762163;0.15700000;0.01150439;31.28662420;49.28650814;405.75
1;17;10;0.06;1000;902.97;680.47;915.92;651.91;0.03;0.02;1000;0.50000000;0.50000000;0.50000000;0.50000000;0.87900000;0.01031305;249.01137656;185.00435652;0.12100000;0.01031305;26.03305785;32.91911798;0.84900000;0.01132250;341.77149588;253.37540799;0.15100000;0.01132250;30.31125828;39.03643831;387.03
1;18;10;0.06;1000;901.29;659.78;901.15;653.34;0.03;0.02;1000;0.50000000;0.50000000;0.50000000;0.50000000;0.86500000;0.01080625;250.76069364;187.91139673;0.13500000;0.01080625;23.01481481;16.94347255;0.86900000;0.01066954;343.79171461;261.63261714;0.13100000;0.01066954;29.75572519;37.73938182;394.13
1;19;10;0.06;1000;910.05;683.16;911.64;695.09;0.03;0.02;1000;0.50000000;0.50000000;0.50000000;0.50000000;0.90200000;0.00940191;257.23503326;187.99525332;0.09800000;0.00940191;25.00000000;25.20123094;0.89000000;0.00989444;352.28651685;264.48310823;0.11000000;0.00989444;32.88181818;41.25656572;409.57
1;20;10;0.06;1000;903.84;651.63;908.36;684.10;0.03;0.02;1000;0.50000000;0.50000000;0.50000000;0.50000000;0.87300000;0.01052953;257.96792669;182.69877405;0.12700000;0.01052953;24.43307087;24.29302435;0.83700000;0.01168037;357.37873357;261.53707254;0.16300000;0.01168037;33.96932515;56.34865427;392.84
2;1;100;0.08;10000;9994.00;nan;9994.00;nan;0.01;0.01;1000;0.50000000;0.50000000;0.50000000;0.50000000;1.00000000;0.00000000;1173.76000000;290.37129059;0.00000000;0.00000000;nan;nan;1.00000000;0.00000000;1175.85800000;291.00477631;0.00000000;0.00000000;nan;nan;1329.61
2;2;100;0.08;10000;9994.00;nan;9994.00;nan;0.01;0.01;1000;0.50000000;0.50000000;0.50000000;0.50000000;1.00000000;0.00000000;1177.49500000;286.21258878;0.00000000;0.00000000;nan;nan;1.00000000;0.00000000;1186.08500000;300.09929319;0.00000000;0.00000000;nan;nan;1339.08
2;3;100;0.08;10000;9994.00;nan;9994.00;nan;0.01;0.01;1000;0.50000000;0.50000000;0.50000000;0.50000000;1.00000000;0.00000000;1170.61200000;275.16151885;0.00000000;0.00000000;nan;nan;1.00000000;0.00000000;1183.54400000;287.65971922;0.00000000;0.00000000;nan;nan;1332.03
2;4;100;0.08;10000;9994.00;nan;9994.00;nan;0.01;0.01;1000;0.50000000;0.50000000;0.50000000;0.50000000;1.00000000;0.00000000;1200.41600000;276.63310529;0.00000000;0.00000000;nan;nan;1.00000000;0.00000000;1185.54600000;285.02936670;0.00000000;0.00000000;nan;nan;1352.79
2;5;100;0.08;10000;9994.00;nan;9994.00;nan;0.01;0.01;1000;0.50000000;0.50000000;0.50000000;0.50000000;1.00000000;0.00000000;1175.69800000;285.91492230;0.00000000;0.00000000;nan;nan;1.00000000;0.00000000;1172.73900000;274.74772952;0.00000000;0.00000000;nan;nan;1330.14
2;6;100;0.08;10000;9994.00;nan;9994.00;nan;0.01;0.01;1000;0.50000000;0.50000000;0.50000000;0.50000000;1.00000000;0.00000000;1184.19600000;269.73253342;0.00000000;0.00000000;nan;nan;1.00000000;0.00000000;1187.36000000;282.34497056;0.00000000;0.00000000;nan;nan;1336.84
2;7;100;0.08;10000;9994.00;nan;9994.00;nan;0.01;0.01;1000;0.50000000;0.50000000;0.50000000;0.50000000;1.00000000;0.00000000;1184.21300000;296.27801409;0.00000000;0.00000000;nan;nan;1.00000000;0.00000000;1188.51100000;293.28043896;0.00000000;0.00000000;nan;nan;1345.61
2;8;100;0.08;10000;9994.00;nan;9994.00;nan;0.01;0.01;1000;0.50000000;0.50000000;0.50000000;0.50000000;1.00000000;0.00000000;1172.01400000;281.55109271;0.00000000;0.00000000;nan;nan;1.00000000;0.00000000;1185.79300000;291.92092448;0.00000000;0.00000000;nan;nan;1330.52
2;9;100;0.08;10000;9994.00;nan;9994.00;nan;0.01;0.01;1000;0.50000000;0.50000000;0.50000000;0.50000000;1.00000000;0.00000000;1178.67600000;281.75952694;0.00000000;0.00000000;nan;nan;1.00000000;0.00000000;1181.13000000;296.02523727;0.00000000;0.00000000;nan;nan;1336.52
2;10;100;0.08;10000;9994.00;nan;9994.00;nan;0.01;0.01;1000;0.50000000;0.50000000;0.50000000;0.50000000;1.00000000;0.00000000;1193.79900000;301.59341272;0.00000000;0.00000000;nan;nan;1.00000000;0.00000000;1180.17300000;292.56778543;0.00000000;0.00000000;nan;nan;1351.09
2;11;100;0.08;10000;9994.00;nan;9994.00;nan;0.01;0.01;1000;0.50000000;0.50000000;0.50000000;0.50000000;1.00000000;0.00000000;1183.00000000;291.42722248;0.00000000;0.00000000;nan;nan;1.00000000;0.00000000;1172.36300000;278.29524472;0.00000000;0.00000000;nan;nan;1335.29
2;12;100;0.08;10000;9994.00;nan;9994.00;nan;0.01;0.01;1000;0.50000000;0.50000000;0.50000000;0.50000000;1.00000000;0.00000000;1170.99400000;276.78026296;0.00000000;0.00000000;nan;nan;1.00000000;0.00000000;1189.93100000;285.65056667;0.00000000;0.00000000;nan;nan;1335.43
2;13;100;0.08;10000;9994.00;nan;9994.00;nan;0.01;0.01;1000;0.50000000;0.50000000;0.50000000;0.50000000;1.00000000;0.00000000;1170.43400000;295.20576154;0.00000000;0.00000000;nan;nan;1.00000000;0.00000000;1187.24100000;284.61761878;0.00000000;0.00000000;nan;nan;1336.87
2;14;100;0.08;10000;9994.00;nan;9994.00;nan;0.01;0.01;1000;0.50000000;0.50000000;0.50000000;0.50000000;1.00000000;0.00000000;1166.34200000;293.30645243;0.00000000;0.00000000;nan;nan;1.00000000;0.00000000;1179.67300000;285.43807747;0.00000000;0.00000000;nan;nan;1334.15
2;15;100;0.08;10000;9994.00;nan;9994.00;nan;0.01;0.01;1000;0.50000000;0.50000000;0.50000000;0.50000000;1.00000000;0.00000000;1187.21200000;284.48097134;0.00000000;0.00000000;nan;nan;1.00000000;0.00000000;1189.81800000;301.59312472;0.00000000;0.00000000;nan;nan;1350.47
2;16;100;0.08;10000;9994.00;nan;9994.00;nan;0.01;0.01;1000;0.50000000;0.50000000;0.50000000;0.50000000;1.00000000;0.00000000;1175.67800000;286.58702398;0.00000000;0.00000000;nan;nan;1.00000000;0.00000000;1177.56700000;291.49488076;0.00000000;0.00000000;nan;nan;1329.96
2;17;100;0.08;10000;9994.00;nan;9994.00;nan;0.01;0.01;1000;0.50000000;0.50000000;0.50000000;0.50000000;1.00000000;0.00000000;1180.06300000;283.55763970;0.00000000;0.00000000;nan;nan;1.00000000;0.00000000;1201.07600000;285.73887069;0.00000000;0.00000000;nan;nan;1349.48
2;18;100;0.08;10000;9994.00;nan;9994.00;nan;0.01;0.01;1000;0.50000000;0.50000000;0.50000000;0.50000000;1.00000000;0.00000000;1179.52200000;273.97317664;0.00000000;0.00000000;nan;nan;1.00000000;0.00000000;1175.04600000;282.87860627;0.00000000;0.00000000;nan;nan;1329.65
2;19;100;0.08;10000;9994.00;nan;9994.00;nan;0.01;0.01;1000;0.50000000;0.50000000;0.50000000;0.50000000;1.00000000;0.00000000;1184.23200000;280.53837915;0.00000000;0.00000000;nan;nan;1.00000000;0.00000000;1190.09700000;283.84821928;0.00000000;0.00000000;nan;nan;1343.71
2;20;100;0.08;10000;9994.00;nan;9994.00;nan;0.01;0.01;1000;0.50000000;0.50000000;0.50000000;0.50000000;1.00000000;0.00000000;1185.28000000;279.23276240;0.00000000;0.00000000;nan;nan;1.00000000;0.00000000;1183.70200000;287.90072802;0.00000000;0.00000000;nan;nan;1340.74
1;1;10;0.06;1000;901.57;690.94;911.02;690.16;0.03;0.01;1000;0.50000000;0.50000000;0.50000000;0.50000000;0.87500000;0.01045825;263.01828571;187.61129332;0.12500000;0.01045825;23.76800000;19.64164392;0.83800000;0.01165144;610.82577566;478.43796226;0.16200000;0.01165144;56.11728395;96.11897115;599.47
1;2;10;0.06;1000;898.75;646.14;896.43;712.84;0.03;0.01;1000;0.50000000;0.50000000;0.50000000;0.50000000;0.86000000;0.01097269;258.27441860;185.01299526;0.14000000;0.01097269;23.32142857;21.24290398;0.82000000;0.01214907;580.32682927;479.94110463;0.18000000;0.01214907;59.80555556;106.41366335;572.46
1;3;10;0.06;1000;898.51;685.66;918.12;684.79;0.03;0.01;1000;0.50000000;0.50000000;0.50000000;0.50000000;0.89700000;0.00961202;250.92642140;185.05456468;0.10300000;0.00961202;27.66019417;31.96130956;0.82200000;0.01209612;580.23114355;474.53568302;0.17800000;0.01209612;74.87640449;161.22120474;570.59
1;4;10;0.06;1000;915.15;671.84;920.97;723.49;0.03;0.01;1000;0.50000000;0.50000000;0.50000000;0.50000000;0.87700000;0.01038610;254.42645382;187.41661622;0.12300000;0.01038610;24.89430894;32.55909275;0.81900000;0.01217534;590.81929182;465.33932012;0.18100000;0.01217534;61.22651934;124.26779390;580.12
1;5;10;0.06;1000;907.04;708.12;916.58;733.55;0.03;0.01;1000;0.50000000;0.50000000;0.50000000;0.50000000;0.88600000;0.01005007;249.96839729;172.65686137;0.11400000;0.01005007;26.99122807;32.94026907;0.82400000;0.01204259;583.19174757;487.29311979;0.17600000;0.01204259;78.42045455;147.32560735;574.97
1;6;10;0.06;1000;905.12;672.73;926.70;635.08;0.03;0.01;1000;0.50000000;0.50000000;0.50000000;0.50000000;0.87200000;0.01056485;249.74082569;181.36756683;0.12800000;0.01056485;26.46093750;35.72811882;0.82400000;0.01204259;605.69660194;482.75017428;0.17600000;0.01204259;48.82386364;112.23057485;586.79
1;7;10;0.06;1000;916.83;619.78;908.90;747.55;0.03;0.01;1000;0.50000000;0.50000000;0.50000000;0.50000000;0.87500000;0.01045825;254.12228571;182.31481694;0.12500000;0.01045825;25.61600000;38.54945582;0.81900000;0.01217534;580.89865690;477.74630491;0.18100000;0.01217534;73.52486188;157.33774661;570.78
1;8;10;0.06;1000;921.22;669.38;918.15;729.58;0.03;0.01;1000;0.50000000;0.50000000;0.50000000;0.50000000;0.86200000;0.01090670;262.80742459;191.46849175;0.13800000;0.01090670;29.38405797;31.91776627;0.83200000;0.01182269;599.69711538;475.89216780;0.16800000;0.01182269;50.97023810;91.90227895;592.02
1;9;10;0.06;1000;910.17;680.94;908.86;743.39;0.03;0.01;1000;0.50000000;0.50000000;0.50000000;0.50000000;0.86000000;0.01097269;257.17674419;183.56219127;0.14000000;0.01097269;25.38571429;23.84041758;0.81400000;0.01230463;571.50614251;477.71517460;0.18600000;0.01230463;53.08602151;97.21505436;566.50
1;10;10;0.06;1000;900.47;704.42;905.54;694.71;0.03;0.01;1000;0.50000000;0.50000000;0.50000000;0.50000000;0.85700000;0.01107028;265.97899650;181.49303525;0.14300000;0.01107028;29.13286713;33.30600604;0.84300000;0.01150439;556.72360617;456.71440806;0.15700000;0.01150439;62.61146497;113.85887173;562.79
1;11;10;0.06;1000;895.42;637.32;906.53;679.68;0.03;0.01;1000;0.50000000;0.50000000;0.50000000;0.50000000;0.89100000;0.00985490;256.37598204;190.09767424;0.10900000;0.00985490;21.59633028;15.61351994;0.82700000;0.01196123;596.54655381;504.35273562;0.17300000;0.01196123;48.07514451;95.81159327;589.78
1;12;10;0.06;1000;904.34;632.96;908.04;678.14;0.03;0.01;1000;0.50000000;0.50000000;0.50000000;0.50000000;0.87300000;0.01052953;252.37800687;182.30577783;0.12700000;0.01052953;21.19685039;14.10480421;0.83400000;0.01176622;602.27817746;471.89326246;0.16600000;0.01176622;48.80722892;146.59188145;587.33
1;13;10;0.06;1000;895.38;685.95;917.46;649.92;0.03;0.01;1000;0.50000000;0.50000000;0.50000000;0.50000000;0.86400000;0.01083993;256.85300926;182.61464034;0.13600000;0.01083993;22.02205882;20.83459613;0.81100000;0.01238059;589.78914920;466.46783688;0.18900000;0.01238059;75.62962963;145.95523837;571.31
1;14;10;0.06;1000;909.52;672.73;919.87;734.27;0.03;0.01;1000;0.50000000;0.50000000;0.50000000;0.50000000;0.89400000;0.00973468;251.82326622;183.74551411;0.10600000;0.00973468;27.27358491;30.11535464;0.80900000;0.01243057;617.15698393;486.15554880;0.19100000;0.01243057;51.69633508;94.67520636;596.36
1;15;10;0.06;1000;914.16;631.25;919.57;668.99;0.03;0.01;1000;0.50000000;0.50000000;0.50000000;0.50000000;0.87300000;0.01052953;256.02290951;178.60935232;0.12700000;0.01052953;22.70866142;13.59487527;0.83500000;0.01173776;587.34730539;477.96066694;0.16500000;0.01173776;68.08484848;116.97160526;583.71
1;16;10;0.06;1000;916.60;689.12;924.67;670.74;0.03;0.01;1000;0.50000000;0.50000000;0.50000000;0.50000000;0.85800000;0.01103793;246.69580420;187.54754985;0.14200000;0.01103793;27.53521127;33.69658778;0.84100000;0.01156369;646.72175981;499.40001444;0.15900000;0.01156369;68.57232704;139.93832690;624.45
1;17;10;0.06;1000;908.86;690.99;915.84;689.88;0.03;0.01;1000;0.50000000;0.50000000;0.50000000;0.50000000;0.86300000;0.01087341;266.02317497;182.04562331;0.13700000;0.01087341;23.65693431;21.08184882;0.83700000;0.01168037;628.90083632;503.52380356;0.16300000;0.01168037;38.97546012;67.65465817;615.09
1;18;10;0.06;1000;920.59;709.49;927.39;748.87;0.03;0.01;1000;0.50000000;0.50000000;0.50000000;0.50000000;0.88000000;0.01027619;259.01931818;179.31921978;0.12000000;0.01027619;26.72500000;25.86405566;0.82000000;0.01214907;615.84512195;490.98745865;0.18000000;0.01214907;60.45555556;115.61551810;600.35
1;19;10;0.06;1000;902.43;645.03;908.41;719.79;0.03;0.01;1000;0.50000000;0.50000000;0.50000000;0.50000000;0.89500000;0.00969407;248.39664804;184.91640929;0.10500000;0.00969407;28.90476190;29.61065568;0.82500000;0.01201561;594.89939394;499.40620334;0.17500000;0.01201561;68.55428571;151.06182716;583.52
1;20;10;0.06;1000;908.27;717.98;921.39;710.98;0.03;0.01;1000;0.50000000;0.50000000;0.50000000;0.50000000;0.88100000;0.01023909;247.20317821;184.54371940;0.11900000;0.01023909;23.93277311;22.52868614;0.83000000;0.01187855;601.56987952;474.49779596;0.17000000;0.01187855;63.02352941;111.24101830;589.88
2;1;10;0.06;1000;872.94;599.86;888.99;599.64;0.05;0.02;1000;0.50000000;0.50000000;0.50000000;0.50000000;0.90300000;0.00935901;158.19712071;116.47341491;0.09700000;0.00935901;22.14432990;20.03192796;0.85300000;0.01119781;349.27667057;264.45602268;0.14700000;0.01119781;25.52380952;26.38782788;350.24
2;2;10;0.06;1000;892.26;688.32;900.96;666.83;0.05;0.02;1000;0.50000000;0.50000000;0.50000000;0.50000000;0.89800000;0.00957058;168.07349666;115.85013142;0.10200000;0.00957058;25.50980392;18.55185900;0.87400000;0.01049400;349.14073227;254.47041452;0.12600000;0.01049400;28.53174603;33.73912206;356.71
2;3;10;0.06;1000;885.66;738.73;912.09;624.69;0.05;0.02;1000;0.50000000;0.50000000;0.50000000;0.50000000;0.90600000;0.00922843;164.13907285;116.89930988;0.09400000;0.00922843;19.87234043;10.95953296;0.86000000;0.01097269;359.62558140;252.22828677;0.14000000;0.01097269;32.05000000;42.25151308;360.14
2;4;10;0.06;1000;890.31;646.58;901.86;616.44;0.05;0.02;1000;0.50000000;0.50000000;0.50000000;0.50000000;0.90800000;0.00913980;164.00220264;117.87096280;0.09200000;0.00913980;21.97826087;17.31986687;0.88100000;0.01023909;354.30419977;250.65322259;0.11900000;0.01023909;30.12605042;46.60067346;360.90
2;5;10;0.06;1000;880.40;758.87;906.23;631.88;0.05;0.02;1000;0.50000000;0.50000000;0.50000000;0.50000000;0.90100000;0.00944452;163.93562708;117.67155642;0.09900000;0.00944452;20.63636364;13.56872112;0.86200000;0.01090670;344.11252900;249.80502393;0.13800000;0.01090670;39.73188406;60.16481468;349.65
2;6;10;0.06;1000;906.90;661.71;922.13;686.73;0.05;0.02;1000;0.50000000;0.50000000;0.50000000;0.50000000;0.92100000;0.00852989;174.04668838;120.51412211;0.07900000;0.00852989;20.81012658;15.09134713;0.85300000;0.01119781;371.34818288;268.79103131;0.14700000;0.01119781;30.62585034;49.40905352;378.66
2;7;10;0.06;1000;888.71;681.70;898.98;689.68;0.05;0.02;1000;0.50000000;0.50000000;0.50000000;0.50000000;0.90300000;0.00935901;165.82170543;120.69803573;0.09700000;0.00935901;21.26804124;16.98423494;0.85500000;0.01113441;355.11345029;256.81628812;0.14500000;0.01113441;36.83448276;72.88488929;360.42
2;8;10;0.06;1000;868.61;588.94;888.96;581.73;0.05;0.02;1000;0.50000000;0.50000000;0.50000000;0.50000000;0.89700000;0.00961202;155.56967670;115.22666284;0.10300000;0.00961202;18.18446602;12.34515555;0.84000000;0.01159310;353.25714286;261.84640276;0.16000000;0.01159310;39.23750000;71.65302571;349.02
2;9;10;0.06;1000;897.21;680.44;905.16;690.39;0.05;0.02;1000;0.50000000;0.50000000;0.50000000;0.50000000;0.89600000;0.00965319;164.49553571;115.31708025;0.10400000;0.00965319;20.40384615;13.68921475;0.85800000;0.01103793;352.57808858;265.51784576;0.14200000;0.01103793;36.79577465;48.35076339;356.16
2;10;10;0.06;1000;892.77;703.57;914.21;601.72;0.05;0.02;1000;0.50000000;0.50000000;0.50000000;0.50000000;0.89200000;0.00981509;164.32735426;120.01706910;0.10800000;0.00981509;22.04629630;15.04276882;0.86600000;0.01077237;369.54849885;264.45881046;0.13400000;0.01077237;32.82835821;50.16889774;373.66
2;11;10;0.06;1000;895.10;622.06;898.49;689.69;0.05;0.02;1000;0.50000000;0.50000000;0.50000000;0.50000000;0.90000000;0.00948683;170.47222222;118.52504801;0.10000000;0.00948683;19.43000000;11.36596234;0.85300000;0.01119781;341.46307151;252.01919875;0.14700000;0.01119781;27.59863946;21.66462362;349.17
2;12;10;0.06;1000;868.70;638.66;886.00;610.94;0.05;0.02;1000;0.50000000;0.50000000;0.50000000;0.50000000;0.90300000;0.00935901;161.03986711;113.57330417;0.09700000;0.00935901;19.37113402;13.50472967;0.85600000;0.01110243;349.13317757;264.91442106;0.14400000;0.01110243;35.98611111;55.33421010;350.67
2;13;10;0.06;1000;897.94;678.91;907.83;668.64;0.05;0.02;1000;0.50000000;0.50000000;0.50000000;0.50000000;0.88900000;0.00993373;168.62542182;121.31256409;0.11100000;0.00993373;21.90090090;16.54094290;0.85700000;0.01107028;343.10151692;254.82620927;0.14300000;0.01107028;31.48251748;41.36649317;352.00
2;14;10;0.06;1000;888.10;722.20;902.88;649.68;0.05;0.02;1000;0.50000000;0.50000000;0.50000000;0.50000000;0.90900000;0.00909500;166.99669967;118.57739898;0.09100000;0.00909500;23.52747253;21.96267596;0.88200000;0.01020176;345.08276644;261.50441904;0.11800000;0.01020176;29.36440678;34.47294819;359.08
2;15;10;0.06;1000;883.66;699.16;905.17;602.41;0.05;0.02;1000;0.50000000;0.50000000;0.50000000;0.50000000;0.91800000;0.00867617;158.91503268;115.60049421;0.08200000;0.00867617;18.71951220;12.60011071;0.87900000;0.01031305;349.80432309;265.46514942;0.12100000;0.01031305;44.20661157;82.09668935;356.63
2;16;10;0.06;1000;887.36;659.71;895.31;664.58;0.05;0.02;1000;0.50000000;0.50000000;0.50000000;0.50000000;0.88900000;0.00993373;163.47356580;116.17947807;0.11100000;0.00993373;21.24324324;14.69707099;0.85600000;0.01110243;353.25116822;271.82292416;0.14400000;0.01110243;38.86805556;53.14462011;358.20
2;17;10;0.06;1000;886.05;744.39;900.36;699.30;0.05;0.02;1000;0.50000000;0.50000000;0.50000000;0.50000000;0.89100000;0.00985490;168.25028058;119.17598295;0.10900000;0.00985490;19.88990826;13.14585744;0.85200000;0.01122925;347.09507042;269.56759258;0.14800000;0.01122925;30.12162162;48.67222214;357.82
2;18;10;0.06;1000;887.12;744.33;900.30;722.00;0.05;0.02;1000;0.50000000;0.50000000;0.50000000;0.50000000;0.91000000;0.00904986;167.43516484;118.36536690;0.09000000;0.00904986;22.17777778;16.40432042;0.85400000;0.01116620;346.37822014;259.24739488;0.14600000;0.01116620;33.65068493;51.43523557;355.76
2;19;10;0.06;1000;881.96;750.85;912.31;580.02;0.05;0.02;1000;0.50000000;0.50000000;0.50000000;0.50000000;0.90200000;0.00940191;164.63858093;119.26188449;0.09800000;0.00940191;20.04081633;11.64519553;0.87000000;0.01063485;361.82298851;259.56415888;0.13000000;0.01063485;27.27692308;34.44170446;366.25
2;20;10;0.06;1000;887.86;733.44;907.07;638.44;0.05;0.02;1000;0.50000000;0.50000000;0.50000000;0.50000000;0.90000000;0.00948683;165.64444444;117.23361398;0.10000000;0.00948683;21.26000000;12.55198789;0.87100000;0.01059995;343.00229621;259.84104475;0.12900000;0.01059995;31.08527132;45.23068023;354.17
